tk<-c['Normal','Fire','Water','Electric','Grass','Ice','Fighting','Poison','Ground','Flying','Psychic','Bug','Rock','Ghost','Dragon','Dark','Steel','Fairy']
normal<-c[1,1,1,1,1,1,2,1,1,1,1,1,1,0,1,1,1,1]
fire<-c[1,0.5,2,1,0.5,0.5,1,1,2,1,1,0.5,2,1,1,1,0.5,0.5]
water<-c[1,0.5,0.5,2,2,0.5,1,1,1,1,1,1,1,1,1,1,0.5,1]
elec<-c[1,1,1,0.5,1,1,1,1,2,0.5,1,1,1,1,1,1,0.5,1]
grass<-c[1,2,0.5,0.5,0.5,2,1,2,0.5,2,1,2,1,1,1,1,1,1]
ice<-c[1,2,1,1,1,0.5,2,1,1,1,1,1,2,1,1,1,2,1]
fighting<-c[1,1,1,1,1,1,1,1,1,2,2,0.5,0.5,1,1,0.5,1,2]
poison<-c[1,1,1,1,0.5,1,0.5,0.5,2,1,2,0.5,1,1,1,1,1,0.5]
ground<-c[1,1,2,0,2,2,1,0.5,1,1,1,1,0.5,1,1,1,1,1]
flying<-c[1,1,1,2,0.5,2,0.5,1,0,1,1,0.5,2,1,1,1,1,1]
psychic<-c[1,1,1,1,1,1,0.5,1,1,1,0.5,2,1,2,1,2,1,1]
bug<-c[1,2,1,1,0.5,1,0.5,1,0.5,2,1,1,2,1,1,1,1,1]
rock<-c[0.5,0.5,2,1,2,1,2,0.5,2,0.5,1,1,1,1,1,1,2,1]
ghost<-c[0,1,1,1,1,1,0,0.5,1,1,1,0.5,1,2,1,2,1,1]
dragon<-c[1,0.5,0.5,0.5,0.5,2,1,1,1,1,1,1,1,1,2,1,1,2]
dark<-c[1,1,1,1,1,1,2,1,1,1,0,2,1,0.5,1,0.5,1,2]
steel<-c[0.5,2,1,1,0.5,0.5,2,0,2,0.5,0.5,0.5,0.5,1,0.5,1,0.5,0.5]
fairy<-c[1,1,1,1,1,1,0.5,2,1,1,1,0.5,1,1,0,0.5,2,1]
